1,1.464306,0.299275,7.438064,0.405483,3.306235,1.080351,1014.048523,bus,STILL,ENTER,55.941433,-3.199671,14:39:31,55.941529,-3.199821,null
2,17.909037,0.271663,3.383543,2.890865,5.131619,1.007416,1013.843262,bus,WALKING,ENTER,55.941656,-3.199971,14:39:51,55.942253,-3.200922,bus
3,14.948259,3.258320,2.573303,3.128247,5.766815,1.012979,1013.815552,bus,WALKING,ENTER,55.942870,-3.201711,14:40:01,55.943116,-3.202102,bus
4,3.120726,1.004772,1.795448,3.478441,6.477141,1.010385,1013.968201,bus,WALKING,ENTER,55.943227,-3.202348,14:40:12,55.943229,-3.202354,bus
5,9.480803,1.220588,2.049742,3.333416,6.730376,1.010753,1013.938721,bus,WALKING,ENTER,55.943283,-3.202477,14:40:21,55.943496,-3.202986,bus
6,0.027141,0.000119,2.794247,2.881177,6.906536,1.005828,1014.020386,bus,WALKING,ENTER,55.943540,-3.203099,14:40:31,55.943535,-3.203089,bus
7,0.018804,0.013603,3.311509,2.601070,7.021174,1.004977,1014.013977,bus,WALKING,ENTER,55.943535,-3.203088,14:40:41,55.943536,-3.203087,bus
8,0.029584,0.002726,3.690309,2.389071,7.104966,1.004758,1014.009216,bus,WALKING,ENTER,55.943536,-3.203087,14:40:52,55.943536,-3.203088,bus
9,1.600131,2.225954,3.976335,2.300713,7.161017,1.008819,1014.009277,bus,WALKING,ENTER,55.943536,-3.203089,14:41:02,55.943543,-3.203104,bus
10,16.791157,1.476519,4.191864,2.194397,7.199041,1.015971,1014.034363,bus,VEHICLE,ENTER,55.943671,-3.203467,14:41:12,55.943872,-3.203932,bus
11,14.895563,4.523414,3.529244,2.493013,7.360707,1.007956,1013.864075,bus,VEHICLE,ENTER,55.944113,-3.204272,14:41:32,55.944284,-3.204587,bus
12,5.989502,6.094205,3.197747,2.579103,7.472926,1.009976,1013.888977,bus,VEHICLE,ENTER,55.944822,-3.205278,14:41:42,55.944903,-3.205385,bus
13,3.160720,3.933591,2.882891,2.662517,7.601737,1.008656,1013.916565,bus,VEHICLE,ENTER,55.944975,-3.205381,14:41:52,55.945041,-3.205367,bus
14,0.310883,0.096031,2.645299,2.766401,7.702436,1.006360,1013.915161,bus,VEHICLE,ENTER,55.945048,-3.205366,14:42:02,55.945037,-3.205378,bus
15,0.144318,0.073870,2.438098,2.875401,7.778869,1.008200,1013.873291,bus,VEHICLE,ENTER,55.945039,-3.205379,14:42:12,55.945026,-3.205389,bus
16,6.327371,0.305820,3.134482,2.843860,7.160379,1.003675,1013.931458,bus,VEHICLE,ENTER,55.945340,-3.205593,14:42:32,55.945461,-3.205643,bus
17,1.981643,1.938699,3.490462,2.826993,6.828325,1.003185,1014.023071,bus,VEHICLE,ENTER,55.945468,-3.205653,14:42:42,55.945401,-3.205623,bus
18,0.329855,0.368863,3.809994,2.807121,6.530878,1.003267,1013.947327,bus,VEHICLE,ENTER,55.945412,-3.205627,14:42:52,55.945401,-3.205601,bus
19,0.031289,0.011886,4.082962,2.794931,6.286515,1.004140,1013.902161,bus,VEHICLE,ENTER,55.945400,-3.205600,14:43:02,55.945400,-3.205599,bus
20,0.448526,0.283021,4.299344,2.776332,6.120180,1.006423,1013.931580,bus,VEHICLE,ENTER,55.945404,-3.205592,14:43:12,55.945414,-3.205597,bus
21,14.335059,3.955706,4.503177,2.769657,5.927480,1.007143,1013.913147,bus,VEHICLE,ENTER,55.945532,-3.205606,14:43:22,55.945866,-3.205667,bus
22,10.392403,6.088665,4.653745,2.737278,5.782095,1.008026,1014.039307,bus,VEHICLE,ENTER,55.946206,-3.205796,14:43:32,55.946413,-3.205902,bus
23,3.190746,4.053838,4.862442,2.721979,5.581347,1.004694,1014.173035,bus,VEHICLE,ENTER,55.946462,-3.205928,14:43:42,55.946458,-3.205929,bus
24,16.013592,7.754109,5.016882,2.737878,5.437186,1.006995,1014.292908,bus,VEHICLE,ENTER,55.946525,-3.205958,14:43:52,55.946876,-3.206074,bus
25,24.214663,0.522014,5.110929,2.721176,5.345964,1.007249,1014.682617,bus,VEHICLE,ENTER,55.947326,-3.206175,14:44:02,55.947793,-3.206428,bus
26,15.382324,4.064803,5.204545,2.691697,5.255473,1.011805,1015.077209,bus,VEHICLE,ENTER,55.948233,-3.206593,14:44:12,55.948527,-3.206695,bus
27,0.717797,0.477645,5.351589,2.677103,5.118287,1.006464,1015.222656,bus,VEHICLE,ENTER,55.948659,-3.206759,14:44:22,55.948653,-3.206775,bus
28,6.109199,4.487220,5.486101,2.717963,4.975062,1.005242,1015.258423,bus,VEHICLE,ENTER,55.948779,-3.206822,14:44:32,55.948929,-3.206864,bus
29,0.357195,0.335100,5.608969,2.763591,4.839491,1.002503,1015.276062,bus,VEHICLE,ENTER,55.948946,-3.206876,14:44:42,55.948947,-3.206873,bus
30,1.316834,1.836804,5.697745,2.849047,4.711301,1.001391,1015.302246,bus,VEHICLE,ENTER,55.948947,-3.206872,14:44:52,55.948958,-3.206871,bus
31,4.697922,0.379920,5.782588,2.924502,4.608955,1.003861,1015.293579,bus,VEHICLE,ENTER,55.949039,-3.206881,14:45:02,55.949148,-3.206864,bus
32,3.595679,3.696537,5.629671,2.969934,4.671539,1.008392,1015.317932,bus,VEHICLE,ENTER,55.949170,-3.206842,14:45:12,55.949176,-3.206812,bus
33,1.531042,0.538938,5.528489,3.041161,4.725063,1.011531,1015.285095,bus,VEHICLE,ENTER,55.949163,-3.206918,14:45:22,55.949180,-3.206950,bus
34,9.591677,1.585525,5.593367,3.097264,4.690324,1.009233,1015.182312,bus,VEHICLE,ENTER,55.949303,-3.206975,14:45:32,55.949556,-3.207070,bus
35,12.121865,0.006312,5.655824,3.135779,4.652873,1.008068,1015.080933,bus,VEHICLE,ENTER,55.949751,-3.207119,14:45:42,55.949960,-3.207248,bus
36,11.179936,6.221289,5.722096,3.161024,4.585466,1.011653,1015.072571,bus,VEHICLE,ENTER,55.950187,-3.207241,14:45:52,55.950336,-3.206890,bus
37,5.493569,4.127796,5.620135,3.177597,4.644392,1.012264,1015.087097,bus,VEHICLE,ENTER,55.950412,-3.206403,14:46:02,55.950472,-3.206233,bus
38,0.650261,0.630659,5.436116,3.227246,4.749296,1.006399,1015.072876,bus,VEHICLE,ENTER,55.950514,-3.206244,14:46:12,55.950506,-3.206232,bus
39,14.750673,3.055009,5.261084,3.274860,4.846873,1.012254,1015.128601,bus,VEHICLE,ENTER,55.950526,-3.206016,14:46:22,55.950608,-3.205466,bus
40,7.825270,2.156537,5.091302,3.292457,4.951161,1.011751,1015.181641,bus,VEHICLE,ENTER,55.950707,-3.205030,14:46:32,55.950755,-3.204885,bus
41,3.639384,0.076833,4.962398,3.330924,5.044528,1.006069,1015.203613,bus,VEHICLE,ENTER,55.950751,-3.204873,14:46:42,55.950765,-3.204759,bus
42,1.036191,0.632171,4.852353,3.365457,5.134151,1.005957,1015.226501,bus,VEHICLE,ENTER,55.950755,-3.204832,14:46:52,55.950744,-3.204864,bus
43,0.091943,0.006337,4.745664,3.391420,5.222750,1.006560,1015.196899,bus,VEHICLE,ENTER,55.950739,-3.204887,14:47:02,55.950738,-3.204890,bus
44,0.051291,0.016985,4.624399,3.414726,5.306926,1.006261,1015.214539,bus,VEHICLE,ENTER,55.950738,-3.204891,14:47:12,55.950733,-3.204892,bus
45,0.160692,0.054028,4.506580,3.453818,5.376529,1.006761,1015.217407,bus,VEHICLE,ENTER,55.950746,-3.204879,14:47:22,55.950744,-3.204876,bus
46,0.129623,0.033234,4.436242,3.495650,5.507413,1.005579,1015.193115,bus,VEHICLE,ENTER,55.950742,-3.204878,14:47:42,55.950740,-3.204878,bus
47,0.184999,0.070597,4.403552,3.514689,5.568875,1.005512,1015.194275,bus,VEHICLE,ENTER,55.950734,-3.204883,14:47:52,55.950730,-3.204888,bus
48,0.078117,0.035191,4.369039,3.541491,5.623795,1.005775,1015.191528,bus,VEHICLE,ENTER,55.950730,-3.204894,14:48:02,55.950730,-3.204896,bus
49,0.052487,0.037691,4.336555,3.569484,5.675003,1.005543,1015.235962,bus,VEHICLE,ENTER,55.950729,-3.204893,14:48:12,55.950729,-3.204893,bus
50,0.084173,0.014551,4.303200,3.589110,5.728754,1.005587,1015.235291,bus,VEHICLE,ENTER,55.950728,-3.204893,14:48:22,55.950729,-3.204892,bus
51,20.204426,4.739166,4.109209,3.635584,5.833880,1.010789,1015.206116,bus,VEHICLE,ENTER,55.950731,-3.204898,14:48:42,55.950798,-3.204501,bus
52,23.785408,0.598692,4.001667,3.658538,5.883852,1.008398,1015.219238,bus,VEHICLE,ENTER,55.951045,-3.202899,14:48:52,55.951171,-3.202103,bus
53,19.357468,2.149170,3.908154,3.671976,5.938396,1.010527,1015.315369,bus,VEHICLE,ENTER,55.951307,-3.201366,14:49:02,55.951423,-3.200723,bus
54,5.007011,5.455925,3.826666,3.682333,5.992894,1.010542,1015.373596,bus,VEHICLE,ENTER,55.951528,-3.200248,14:49:12,55.951563,-3.200104,bus
55,1.027118,0.577744,3.736339,3.696731,6.042002,1.005618,1015.403442,bus,VEHICLE,ENTER,55.951562,-3.200115,14:49:22,55.951558,-3.200113,bus
56,5.608460,7.444451,3.650451,3.714923,6.087231,1.009801,1015.411011,bus,VEHICLE,ENTER,55.951557,-3.200114,14:49:32,55.951586,-3.199961,bus
57,5.121908,4.793422,3.560424,3.716219,6.136702,1.018960,1015.348999,bus,VEHICLE,ENTER,55.951648,-3.199660,14:49:42,55.951704,-3.199641,bus
58,1.699603,0.859235,3.499460,3.726079,6.183672,1.007848,1015.382751,bus,VEHICLE,ENTER,55.951696,-3.199680,14:49:52,55.951701,-3.199722,bus
59,2.434271,2.693909,3.446474,3.733205,6.230150,1.006981,1015.344482,bus,VEHICLE,ENTER,55.951753,-3.199807,14:50:02,55.951776,-3.199820,bus
60,0.320606,0.101348,3.397508,3.739922,6.275235,1.006282,1015.322327,bus,VEHICLE,ENTER,55.951776,-3.199818,14:50:12,55.951767,-3.199826,bus
61,0.027855,0.005418,3.343678,3.753128,6.315032,1.006001,1015.305786,bus,VEHICLE,ENTER,55.951766,-3.199824,14:50:22,55.951766,-3.199822,bus
62,0.026549,0.021769,3.300075,3.762066,6.355880,1.006144,1015.303467,bus,VEHICLE,ENTER,55.951763,-3.199814,14:50:32,55.951763,-3.199813,bus
63,0.838914,1.153705,3.254658,3.777199,6.392101,1.007512,1015.297607,bus,VEHICLE,ENTER,55.951763,-3.199812,14:50:42,55.951777,-3.199827,bus
64,15.015290,4.452705,3.137197,3.810840,6.440131,1.012031,1014.655334,bus,VEHICLE,ENTER,55.951999,-3.199942,14:51:02,55.952326,-3.200130,bus
65,11.757039,3.032632,3.083476,3.828694,6.469561,1.008029,1014.529114,bus,VEHICLE,ENTER,55.952792,-3.200458,14:51:12,55.953026,-3.200608,bus
66,14.510873,1.826518,3.028141,3.827479,6.507147,1.021804,1014.774780,bus,VEHICLE,ENTER,55.953315,-3.200786,14:51:22,55.953601,-3.200978,bus
67,4.789379,6.436730,2.973506,3.824610,6.545257,1.017531,1015.180786,bus,VEHICLE,ENTER,55.953826,-3.201115,14:51:32,55.953882,-3.201169,bus
68,1.353615,1.877212,2.927830,3.830512,6.578801,1.008626,1015.290771,bus,VEHICLE,ENTER,55.953879,-3.201168,14:51:42,55.953885,-3.201176,bus
69,2.406463,2.949774,2.881301,3.821105,6.618216,1.009941,1015.307129,bus,VEHICLE,ENTER,55.954000,-3.201226,14:51:52,55.954020,-3.201221,bus
70,0.158779,0.093395,2.834288,3.819144,6.653425,1.005824,1015.292236,bus,VEHICLE,ENTER,55.954020,-3.201217,14:52:02,55.954020,-3.201214,bus
71,0.663169,0.149887,2.780783,3.822714,6.684170,1.008163,1015.314514,bus,VEHICLE,ENTER,55.954029,-3.201202,14:52:12,55.954030,-3.201182,bus
72,5.447050,6.981228,2.724221,3.830950,6.710207,1.013018,1015.367249,bus,VEHICLE,ENTER,55.954024,-3.201185,14:52:22,55.954155,-3.201301,bus
73,16.337378,1.695581,2.672563,3.815069,6.746630,1.015238,1015.830688,bus,VEHICLE,ENTER,55.954474,-3.201457,14:52:32,55.954828,-3.201588,bus
74,4.748919,6.115376,2.622759,3.801730,6.782446,1.013603,1016.331116,bus,UNKNOWN,ENTER,55.955030,-3.201738,14:52:42,55.955065,-3.201794,bus
75,4.306457,5.667936,2.581311,3.797493,6.813958,1.007644,1016.404602,bus,UNKNOWN,ENTER,55.955066,-3.201795,14:52:52,55.955112,-3.201827,bus
76,11.467476,4.222938,2.543626,3.773796,6.850938,1.021132,1016.701355,bus,UNKNOWN,ENTER,55.955392,-3.201963,14:53:02,55.955640,-3.202102,bus
77,0.451929,0.071702,2.511563,3.760697,6.883405,1.007619,1016.897095,bus,UNKNOWN,ENTER,55.955688,-3.202106,14:53:12,55.955689,-3.202087,bus
78,16.557859,3.917381,2.508712,3.756526,6.895084,1.028779,1017.114197,bus,VEHICLE,ENTER,55.955807,-3.202122,14:53:22,55.956173,-3.202314,bus
79,7.841841,7.000504,2.511558,3.671331,6.801478,1.012112,1017.549377,bus,VEHICLE,ENTER,55.956475,-3.202453,14:53:32,55.956621,-3.202540,bus
80,0.575004,0.023262,2.522247,3.527959,6.655893,0.999794,1017.670837,bus,VEHICLE,ENTER,55.956601,-3.202545,14:53:42,55.956576,-3.202558,bus
81,0.087626,0.017500,2.534949,3.387567,6.520898,1.002944,1017.667664,bus,VEHICLE,ENTER,55.956573,-3.202559,14:53:52,55.956572,-3.202559,bus
82,8.997083,0.054353,2.547610,3.252562,6.441328,1.054566,1017.783264,bus,VEHICLE,ENTER,55.956636,-3.202622,14:54:02,55.956770,-3.202718,bus
83,13.716082,5.892282,2.556397,3.184953,6.380164,1.033759,1018.366028,bus,VEHICLE,ENTER,55.956959,-3.203463,14:54:12,55.957021,-3.203983,bus
84,1.237142,0.460212,2.551611,3.128663,6.350192,1.070335,1018.624146,bus,VEHICLE,ENTER,55.957004,-3.204060,14:54:22,55.956967,-3.204065,bus