1,1.061189,1.500747,-0.533125,1.640959,8.507069,1.026309,1012.468506,bus,WALKING,ENTER,55.928134,-3.209487,12:58:58,55.928274,-3.209537,null
2,0.798059,0.007608,-1.438178,3.469993,7.752277,1.023215,1012.361816,bus,WALKING,ENTER,55.928277,-3.209538,12:59:08,55.928163,-3.209496,car
3,3.298900,4.097186,-0.904438,3.769644,8.132043,1.005478,1012.201782,bus,WALKING,ENTER,55.928261,-3.209502,12:59:18,55.928698,-3.209493,car
4,8.310699,0.008966,-0.637569,4.015081,8.244010,1.010617,1012.042358,bus,WALKING,ENTER,55.928893,-3.209554,12:59:28,55.929042,-3.209607,car
5,11.680079,3.543241,-0.533196,4.108488,8.285469,1.008914,1011.770325,bus,VEHICLE,ENTER,55.929552,-3.209688,12:59:38,55.929806,-3.209739,car
6,6.163939,3.967098,-0.449741,4.304397,8.287565,1.009909,1011.657654,bus,VEHICLE,ENTER,55.929924,-3.209748,12:59:48,55.930041,-3.209797,car
7,6.145164,0.042551,-0.275094,4.364897,8.339725,1.006819,1011.527893,bus,VEHICLE,ENTER,55.930207,-3.209856,12:59:58,55.930269,-3.209896,car
8,4.649638,1.921688,-0.135115,4.465894,8.328802,1.009981,1011.573975,bus,VEHICLE,ENTER,55.930373,-3.209956,13:00:08,55.930328,-3.209932,car
9,11.216014,6.152827,-0.105619,4.605099,8.299819,1.012655,1011.393311,bus,VEHICLE,ENTER,55.930397,-3.209882,13:00:18,55.930659,-3.209872,car
10,17.519588,0.200127,-0.051874,4.613045,8.316521,1.008008,1010.762634,bus,VEHICLE,ENTER,55.931005,-3.209962,13:00:28,55.931368,-3.210054,car
11,8.990344,1.626411,-0.060591,4.579906,8.344587,1.008426,1010.401611,bus,VEHICLE,ENTER,55.931665,-3.210033,13:00:38,55.931844,-3.210019,car
12,3.167099,1.153444,-0.115559,4.548622,8.363637,1.009921,1010.313354,bus,VEHICLE,ENTER,55.931960,-3.210031,13:00:48,55.932011,-3.210043,car
13,6.816339,4.008698,0.089572,4.475448,8.400220,1.015212,1010.302673,bus,VEHICLE,ENTER,55.932042,-3.210070,13:00:58,55.932142,-3.209908,car
14,4.720248,0.003125,0.334006,4.314115,8.437749,1.009569,1010.185852,bus,VEHICLE,ENTER,55.932202,-3.209493,13:01:08,55.932212,-3.209343,car
15,1.098951,0.332886,0.382891,4.244299,8.496487,1.005758,1010.239075,bus,VEHICLE,ENTER,55.932205,-3.209375,13:01:18,55.932217,-3.209422,car
16,0.255969,0.108683,0.403980,4.198658,8.536232,1.007297,1010.232666,bus,VEHICLE,ENTER,55.932215,-3.209412,13:01:28,55.932214,-3.209396,car
17,2.213867,2.578683,0.355169,4.247101,8.535112,1.011133,1010.215576,bus,VEHICLE,ENTER,55.932218,-3.209377,13:01:38,55.932191,-3.209228,car
18,20.168550,0.590207,0.337535,4.236444,8.553515,1.008934,1010.153259,bus,VEHICLE,ENTER,55.932334,-3.208202,13:01:48,55.932380,-3.207433,car
19,18.807062,1.159323,0.335159,4.211870,8.574644,1.009492,1010.249084,bus,VEHICLE,ENTER,55.932427,-3.206730,13:01:58,55.932474,-3.206038,car
20,13.648006,1.848501,0.300432,4.197028,8.591232,1.013491,1010.355652,bus,VEHICLE,ENTER,55.932516,-3.205503,13:02:08,55.932685,-3.205234,car
21,10.277471,3.714171,0.354074,4.192536,8.594689,1.013027,1010.521179,bus,VEHICLE,ENTER,55.932988,-3.205298,13:02:18,55.933187,-3.205329,car
22,8.243022,2.829658,0.462639,4.211869,8.581398,1.011510,1010.572021,bus,VEHICLE,ENTER,55.933274,-3.205044,13:02:28,55.933295,-3.204672,car
23,0.160681,0.154657,0.516507,4.227375,8.582606,1.006809,1010.573975,bus,VEHICLE,ENTER,55.933302,-3.204546,13:02:38,55.933291,-3.204551,car
24,0.036798,0.020475,0.588401,4.216193,8.593128,1.005587,1010.569092,bus,VEHICLE,ENTER,55.933290,-3.204549,13:02:48,55.933282,-3.204551,car
25,1.990390,2.702413,0.627021,4.211226,8.599783,1.009344,1010.577576,bus,VEHICLE,ENTER,55.933285,-3.204547,13:02:58,55.933297,-3.204496,car
26,8.997977,7.217379,0.635130,4.227711,8.595877,1.014330,1010.552185,bus,VEHICLE,ENTER,55.933304,-3.204365,13:03:08,55.933355,-3.203657,car
27,20.748119,1.347336,0.639734,4.221845,8.603638,1.009267,1010.476196,bus,VEHICLE,ENTER,55.933484,-3.202544,13:03:18,55.933576,-3.201809,car
28,20.090313,0.744435,0.648531,4.205933,8.615206,1.012290,1010.387756,bus,VEHICLE,ENTER,55.933645,-3.201120,13:03:28,55.933742,-3.200416,car
29,18.943443,0.842509,0.654210,4.189754,8.626440,1.010392,1010.378174,bus,VEHICLE,ENTER,55.933852,-3.199699,13:03:38,55.933953,-3.199018,car
30,12.324263,4.768072,0.688240,4.157787,8.628874,1.013903,1010.453186,bus,VEHICLE,ENTER,55.934044,-3.198414,13:03:48,55.934154,-3.197990,car
31,0.198380,0.072619,0.938928,4.054403,8.525188,1.006587,1010.538452,bus,VEHICLE,ENTER,55.934187,-3.197832,13:03:58,55.934184,-3.197839,car
32,9.979139,7.064793,1.061040,4.024376,8.472696,1.011597,1010.559143,bus,VEHICLE,ENTER,55.934186,-3.197801,13:04:08,55.934238,-3.197429,car
33,19.531542,0.477135,1.051344,4.010438,8.489703,1.008866,1010.593140,bus,VEHICLE,ENTER,55.934340,-3.196807,13:04:18,55.934461,-3.196102,car
34,17.057640,3.873732,1.138301,3.963754,8.464396,1.009869,1010.837952,bus,VEHICLE,ENTER,55.934583,-3.195431,13:04:28,55.934698,-3.194876,car
35,13.967871,0.729248,1.142995,3.931562,8.481289,1.010023,1011.047363,bus,VEHICLE,ENTER,55.934793,-3.194435,13:04:38,55.934890,-3.193942,car
36,3.714295,4.562231,1.279982,3.859566,8.430241,1.010325,1011.178833,bus,VEHICLE,ENTER,55.934957,-3.193576,13:04:48,55.934981,-3.193491,car
37,0.316924,0.047323,1.540547,3.751381,8.280018,1.004874,1011.232117,bus,VEHICLE,ENTER,55.934981,-3.193505,13:04:58,55.934984,-3.193498,car
38,5.031104,6.735513,1.627671,3.720523,8.230667,1.010314,1011.285217,bus,VEHICLE,ENTER,55.934977,-3.193494,13:05:08,55.935025,-3.193331,car
39,20.295914,0.831799,1.606413,3.720537,8.248556,1.008937,1011.298035,bus,VEHICLE,ENTER,55.935096,-3.192714,13:05:18,55.935211,-3.192002,car
40,15.717516,4.821189,1.595225,3.715424,8.263586,1.009140,1011.381958,bus,VEHICLE,ENTER,55.935327,-3.191302,13:05:28,55.935411,-3.190729,car
41,2.788619,3.467679,1.724134,3.669398,8.195945,1.008821,1011.473267,bus,VEHICLE,ENTER,55.935466,-3.190439,13:05:38,55.935472,-3.190410,car
42,3.713195,4.876667,1.694893,3.675154,8.221592,1.012154,1011.532288,bus,VEHICLE,ENTER,55.935474,-3.190432,13:05:48,55.935486,-3.190279,car
43,17.539616,2.187796,1.668134,3.673684,8.238002,1.005533,1011.505249,bus,VEHICLE,ENTER,55.935556,-3.189832,13:05:58,55.935658,-3.189164,car
44,17.086288,2.788199,1.729759,3.653083,8.216737,1.012434,1011.668213,bus,VEHICLE,ENTER,55.935755,-3.188468,13:06:08,55.935850,-3.187877,car
45,4.537869,4.320026,1.824161,3.605358,8.173902,1.012862,1011.862366,bus,VEHICLE,ENTER,55.935915,-3.187455,13:06:18,55.935945,-3.187323,car
46,0.724784,0.919770,1.880955,3.574025,8.151657,1.005325,1011.914124,bus,VEHICLE,ENTER,55.935944,-3.187337,13:06:28,55.935944,-3.187341,car
47,11.301176,6.113462,1.843186,3.586569,8.170699,1.009320,1011.926514,bus,VEHICLE,ENTER,55.935968,-3.187241,13:06:38,55.936039,-3.186771,car
48,18.137592,0.389881,1.825190,3.585566,8.184281,1.010065,1012.115845,bus,VEHICLE,ENTER,55.936136,-3.186142,13:06:48,55.936246,-3.185508,car
49,14.365104,5.420628,1.817277,3.579798,8.195677,1.012923,1012.379700,bus,VEHICLE,ENTER,55.936341,-3.184863,13:06:58,55.936431,-3.184348,car
50,0.302688,0.305090,1.958746,3.552602,8.108943,1.010138,1012.546692,bus,VEHICLE,ENTER,55.936453,-3.184190,13:07:08,55.936451,-3.184197,car
51,14.246529,4.779790,2.106838,3.536114,8.014304,1.007461,1012.623596,bus,VEHICLE,ENTER,55.936476,-3.184037,13:07:18,55.936514,-3.183517,car
52,13.054158,6.530405,2.193225,3.509603,7.959717,1.009938,1012.754639,bus,VEHICLE,ENTER,55.936620,-3.182886,13:07:28,55.936688,-3.182425,car
53,0.388386,0.212261,2.257708,3.491090,7.918653,1.006715,1012.882202,bus,VEHICLE,ENTER,55.936715,-3.182241,13:07:38,55.936712,-3.182243,car
54,0.175908,0.098906,2.197377,3.513969,7.939139,1.005272,1012.907715,bus,VEHICLE,ENTER,55.936734,-3.182243,13:07:48,55.936735,-3.182244,car
55,0.492468,0.589054,2.298625,3.505420,7.865495,1.007942,1012.909790,bus,VEHICLE,ENTER,55.936736,-3.182242,13:07:58,55.936729,-3.182268,car