1,0.538639,0.242083,-0.389744,5.350264,8.186151,1.020386,1009.960083,car,WALKING,ENTER,55.957972,-3.165345,15:52:40,55.958178,-3.165472
2,3.775655,0.439157,0.798677,4.535609,8.376502,1.021483,1009.943420,car,WALKING,ENTER,55.958082,-3.164424,15:52:51,55.957838,-3.164385
3,5.539329,3.916335,1.496249,3.941538,8.593833,1.027683,1009.826904,car,WALKING,ENTER,55.957771,-3.164327,15:53:00,55.957478,-3.164066
4,20.468510,19.392585,1.574059,3.767198,8.704138,1.033838,1009.699524,car,VEHICLE,ENTER,55.957520,-3.163765,15:53:10,55.957300,-3.162663
5,51.082787,8.385213,1.555193,3.568865,8.784116,1.027200,1009.372498,car,VEHICLE,ENTER,55.957396,-3.161005,15:53:20,55.957749,-3.159406
6,30.565277,18.061983,1.629094,3.221292,8.885943,1.036142,1009.757996,car,VEHICLE,ENTER,55.958303,-3.157655,15:53:30,55.958745,-3.156850
7,14.573374,1.059040,1.806098,3.150325,8.870065,1.037725,1009.865540,car,VEHICLE,ENTER,55.958953,-3.156458,15:53:40,55.959241,-3.156334
8,21.909637,4.188983,1.954039,3.096914,8.852422,1.060332,1009.979736,car,VEHICLE,ENTER,55.959141,-3.155897,15:53:50,55.958747,-3.155933
9,19.663036,1.993056,2.068551,3.076800,8.851098,1.012351,1010.676880,car,VEHICLE,ENTER,55.958432,-3.155412,15:54:00,55.958131,-3.154911
10,17.649334,2.119103,2.161896,3.082031,8.845029,1.013692,1011.183777,car,VEHICLE,ENTER,55.957865,-3.154424,15:54:10,55.957736,-3.153825
11,15.233527,1.138376,2.269614,3.147837,8.801269,1.017202,1011.369385,car,VEHICLE,ENTER,55.957671,-3.153267,15:54:20,55.957606,-3.152699
12,20.143349,3.810261,2.373003,3.182516,8.768144,1.009652,1011.349792,car,VEHICLE,ENTER,55.957528,-3.151992,15:54:30,55.957444,-3.151269
13,11.699671,0.066877,2.484977,3.219831,8.734708,1.015586,1011.405701,car,VEHICLE,ENTER,55.957379,-3.150668,15:54:40,55.957355,-3.150486
14,12.435823,1.772868,2.652921,3.330571,8.642284,1.028791,1011.367920,car,VEHICLE,ENTER,55.957325,-3.150355,15:54:50,55.957256,-3.149966
15,6.889780,0.948776,2.771322,3.386698,8.590985,1.016642,1011.390808,car,VEHICLE,ENTER,55.956996,-3.149983,15:55:00,55.956852,-3.150052
16,5.986863,1.307053,2.917114,3.468107,8.510352,1.007891,1011.365967,car,VEHICLE,ENTER,55.956730,-3.150027,15:55:10,55.956701,-3.150012
17,0.192060,0.264528,3.052346,3.564307,8.420116,1.004773,1011.355835,car,VEHICLE,ENTER,55.956700,-3.150019,15:55:20,55.956700,-3.150019
18,0.014392,0.000324,3.180681,3.650451,8.331800,1.004510,1011.365295,car,VEHICLE,ENTER,55.956699,-3.150020,15:55:30,55.956699,-3.150020
19,0.089472,0.000009,3.305628,3.732528,8.239340,1.006061,1011.367432,car,VEHICLE,ENTER,55.956696,-3.150025,15:55:40,55.956695,-3.150024
20,0.058824,0.051639,3.392437,3.792275,8.181475,1.007188,1011.357361,car,VEHICLE,ENTER,55.956663,-3.150031,15:55:50,55.956666,-3.150032
21,0.133010,0.157216,3.181871,3.752781,8.213069,1.008365,1011.371094,car,VEHICLE,ENTER,55.956666,-3.150032,15:56:00,55.956668,-3.150019
22,0.180389,0.154610,3.170069,3.622219,8.271629,1.006880,1011.383667,car,VEHICLE,ENTER,55.956672,-3.150020,15:56:10,55.956668,-3.150038
23,4.641427,0.851392,3.113715,3.507705,8.339380,1.016036,1011.329895,car,VEHICLE,ENTER,55.956649,-3.150040,15:56:20,55.956534,-3.150016
24,4.601345,0.365529,3.032583,3.382749,8.404147,1.028130,1011.154480,car,VEHICLE,ENTER,55.956431,-3.149992,15:56:30,55.956269,-3.149943
25,3.606213,1.105206,2.961271,3.270908,8.465806,1.005536,1010.994629,car,VEHICLE,ENTER,55.956158,-3.149909,15:56:40,55.956143,-3.149901
26,0.781645,0.471232,2.890955,3.182705,8.521939,1.005222,1011.001648,car,VEHICLE,ENTER,55.956145,-3.149900,15:56:50,55.956145,-3.149900
27,0.263966,0.104837,2.830970,3.101145,8.572514,1.005116,1011.008606,car,VEHICLE,ENTER,55.956145,-3.149901,15:57:01,55.956136,-3.149904
28,0.111168,0.068436,2.777277,3.027378,8.618354,1.005110,1011.014832,car,VEHICLE,ENTER,55.956135,-3.149904,15:57:11,55.956135,-3.149905
29,0.036355,0.003405,2.724515,2.961432,8.660739,1.005331,1011.010681,car,VEHICLE,ENTER,55.956134,-3.149906,15:57:21,55.956134,-3.149906
30,0.037123,0.002559,2.675925,2.896308,8.700361,1.005025,1011.014160,car,VEHICLE,ENTER,55.956133,-3.149906,15:57:31,55.956133,-3.149907
31,0.031816,0.004585,2.634818,2.838772,8.735982,1.005094,1011.029297,car,VEHICLE,ENTER,55.956132,-3.149907,15:57:41,55.956132,-3.149907
32,0.033670,0.015781,2.596790,2.786392,8.768792,1.004972,1011.031616,car,VEHICLE,ENTER,55.956131,-3.149908,15:57:51,55.956131,-3.149908
33,0.018870,0.005423,2.561511,2.739001,8.799219,1.005851,1011.030640,car,VEHICLE,ENTER,55.956130,-3.149908,15:58:01,55.956130,-3.149908
34,8.339967,1.712536,2.511508,2.695669,8.828512,1.027883,1010.872253,car,VEHICLE,ENTER,55.956101,-3.149887,15:58:11,55.955922,-3.149746
35,5.358388,2.483116,2.451733,2.649082,8.850788,1.017581,1010.570557,car,VEHICLE,ENTER,55.955755,-3.149633,15:58:21,55.955631,-3.149553
36,0.312309,0.002056,2.450680,2.719255,8.831190,1.007219,1010.474915,car,VEHICLE,ENTER,55.955619,-3.149545,15:58:31,55.955622,-3.149553
37,0.063097,0.072442,2.460428,2.776934,8.814460,1.005611,1010.461609,car,VEHICLE,ENTER,55.955621,-3.149551,15:58:41,55.955623,-3.149554
38,0.023620,0.029831,2.533094,2.816830,8.761964,1.008480,1010.462708,car,VEHICLE,ENTER,55.955622,-3.149554,15:58:51,55.955623,-3.149552
39,0.016902,0.020963,2.650417,2.835399,8.696534,1.004874,1010.479675,car,VEHICLE,ENTER,55.955621,-3.149554,15:59:01,55.955622,-3.149554
40,0.008120,0.008090,2.751650,2.852409,8.643428,1.004791,1010.493042,car,VEHICLE,ENTER,55.955622,-3.149554,15:59:11,55.955622,-3.149555
41,0.009076,0.000733,2.834250,2.865426,8.606246,1.005070,1010.497009,car,VEHICLE,ENTER,55.955622,-3.149555,15:59:21,55.955622,-3.149555
42,0.003005,0.003956,2.918362,2.873753,8.568081,1.004989,1010.498047,car,VEHICLE,ENTER,55.955621,-3.149555,15:59:31,55.955621,-3.149555
43,0.008345,0.007316,3.034988,2.887166,8.486523,1.004873,1010.506042,car,VEHICLE,ENTER,55.955621,-3.149556,15:59:41,55.955621,-3.149556
44,0.005518,0.003553,3.157052,2.905516,8.392775,1.004416,1010.512756,car,VEHICLE,ENTER,55.955621,-3.149556,15:59:51,55.955621,-3.149555
45,0.000049,0.000070,3.277673,2.919925,8.298137,1.004193,1010.511719,car,VEHICLE,ENTER,55.955621,-3.149555,16:00:01,55.955621,-3.149555
46,3.740351,5.272856,3.360675,2.946237,8.239046,1.039911,1010.462952,car,VEHICLE,ENTER,55.955622,-3.149556,16:00:11,55.955581,-3.149521
47,19.951614,2.214733,3.396699,2.934991,8.226925,1.035006,1010.032959,car,VEHICLE,ENTER,55.955335,-3.149325,16:00:21,55.954979,-3.149064
48,13.322052,3.338001,3.420531,2.919015,8.222867,1.022123,1009.803528,car,VEHICLE,ENTER,55.954646,-3.148686,16:00:31,55.954443,-3.148347
49,13.569637,1.971615,3.444335,2.897079,8.221270,1.031374,1009.979065,car,VEHICLE,ENTER,55.954438,-3.147875,16:00:41,55.954451,-3.147480
50,9.202071,0.605269,3.486499,2.862058,8.217773,1.026846,1010.186951,car,VEHICLE,ENTER,55.954450,-3.147076,16:00:51,55.954461,-3.146646
51,6.452428,5.673247,3.547257,2.827934,8.202098,1.014031,1010.320801,car,VEHICLE,ENTER,55.954476,-3.146287,16:01:01,55.954476,-3.146122
52,10.535560,1.863835,3.595010,2.795198,8.195171,1.018299,1010.338135,car,VEHICLE,ENTER,55.954434,-3.145897,16:01:11,55.954415,-3.145474
53,9.071785,6.782242,3.634593,2.774986,8.185875,1.015456,1010.373352,car,VEHICLE,ENTER,55.954397,-3.145141,16:01:21,55.954384,-3.144718
54,10.499805,4.283561,3.686433,2.744138,8.174035,1.021931,1010.403442,car,VEHICLE,ENTER,55.954358,-3.144493,16:01:31,55.954226,-3.144307
55,8.907192,6.524695,3.728890,2.714900,8.166493,1.027961,1010.375000,car,VEHICLE,ENTER,55.953990,-3.144255,16:01:41,55.953976,-3.144270
56,4.518878,1.643758,3.775859,2.684762,8.156764,1.011433,1010.382874,car,VEHICLE,ENTER,55.953747,-3.144133,16:01:51,55.953634,-3.144092
57,3.096817,3.651854,3.820731,2.660288,8.146739,1.007397,1010.377686,car,VEHICLE,ENTER,55.953535,-3.144073,16:02:01,55.953624,-3.144107