101,15.567995,4.146689,-0.359651,4.094419,8.780207,1.017500,994.576538,car,VEHICLE,ENTER,55.945086,-3.193379,19:34:38,55.945013,-3.193989
102,22.088074,1.565520,-0.350991,4.085665,8.784379,1.012319,994.622009,car,VEHICLE,ENTER,55.944951,-3.194699,19:34:48,55.944926,-3.195512
103,11.031226,9.210497,-0.341399,4.070877,8.790678,1.011019,994.693359,car,VEHICLE,ENTER,55.944922,-3.196231,19:34:58,55.944911,-3.196696
104,3.919839,5.352581,-0.354639,4.082602,8.782761,1.012162,994.709290,car,VEHICLE,ENTER,55.944918,-3.196743,19:35:08,55.944924,-3.196813
105,17.086514,3.670817,-0.365174,4.099192,8.773755,1.013316,994.654907,car,VEHICLE,ENTER,55.944833,-3.197244,19:35:18,55.944861,-3.197962
106,17.717449,0.506841,-0.370719,4.093902,8.774693,1.016381,994.846924,car,VEHICLE,ENTER,55.944906,-3.198637,19:35:28,55.944885,-3.199271
107,0.674066,0.412213,-0.356285,4.070626,8.783717,1.007666,995.122314,car,VEHICLE,ENTER,55.944848,-3.199452,19:35:38,55.944856,-3.199427
108,5.947692,8.320307,-0.343877,4.047545,8.793441,1.009361,995.119507,car,VEHICLE,ENTER,55.944856,-3.199427,19:35:48,55.944818,-3.199601
109,18.887461,4.252143,-0.336333,4.031952,8.799832,1.010483,995.332092,car,VEHICLE,ENTER,55.944742,-3.200066,19:35:58,55.944630,-3.200686
110,22.760803,1.753455,-0.327093,4.015635,8.805177,1.013231,995.775085,car,VEHICLE,ENTER,55.944476,-3.201492,19:36:08,55.944330,-3.202250
111,11.289298,9.442422,-0.314850,3.996618,8.810519,1.019887,996.128113,car,VEHICLE,ENTER,55.944106,-3.202851,19:36:18,55.943945,-3.203096
112,2.323284,3.180246,-0.294645,3.971226,8.818459,1.005534,996.190796,car,VEHICLE,ENTER,55.943924,-3.203089,19:36:28,55.943926,-3.203085
113,0.031480,0.000451,-0.273474,3.942575,8.827827,1.005359,996.203491,car,VEHICLE,ENTER,55.943925,-3.203085,19:36:38,55.943924,-3.203085
114,0.014463,0.002074,-0.255272,3.915065,8.837304,1.005524,996.197510,car,VEHICLE,ENTER,55.943924,-3.203085,19:36:48,55.943923,-3.203085
115,0.020463,0.000054,-0.244641,3.893373,8.846167,1.016614,996.189636,car,VEHICLE,ENTER,55.943923,-3.203084,19:36:58,55.943922,-3.203083
116,10.280783,7.846869,-0.233924,3.867804,8.854928,1.012492,996.216003,car,VEHICLE,ENTER,55.943834,-3.203240,19:37:08,55.943389,-3.203584
117,19.844931,0.875023,-0.226477,3.854879,8.859529,1.011663,996.204468,car,VEHICLE,ENTER,55.942970,-3.203606,19:37:18,55.942569,-3.203487
118,12.503983,4.167767,-0.214472,3.842236,8.863157,1.019269,996.064819,car,VEHICLE,ENTER,55.942174,-3.203363,19:37:28,55.941978,-3.203412
119,7.247178,0.507389,-0.188213,3.839514,8.857054,1.020453,995.966797,car,VEHICLE,ENTER,55.941945,-3.203729,19:37:38,55.941910,-3.203997
120,20.303314,4.054794,-0.156814,3.842634,8.848937,1.026474,995.856201,car,VEHICLE,ENTER,55.941863,-3.204406,19:37:48,55.941746,-3.205146
121,24.850765,1.485262,-0.134844,3.835031,8.848224,1.021459,995.750183,car,VEHICLE,ENTER,55.941623,-3.205983,19:37:58,55.941495,-3.206831
122,24.349899,0.269368,-0.110303,3.826999,8.845345,1.024789,995.927795,car,VEHICLE,ENTER,55.941352,-3.207700,19:38:08,55.941204,-3.208562
123,25.780132,0.046468,-0.093007,3.818217,8.846527,1.018939,995.949768,car,VEHICLE,ENTER,55.940996,-3.209305,19:38:18,55.940653,-3.210003
124,24.763708,2.624328,-0.077186,3.810653,8.847297,1.019993,995.730774,car,VEHICLE,ENTER,55.940290,-3.210749,19:38:28,55.939953,-3.211449
125,1.380479,1.857040,-0.062737,3.803527,8.846759,1.010434,995.693115,car,VEHICLE,ENTER,55.939801,-3.211824,19:38:38,55.939803,-3.211821
126,0.145127,0.016440,-0.092373,3.817472,8.836473,1.005341,995.669861,car,VEHICLE,ENTER,55.939806,-3.211818,19:38:48,55.939807,-3.211830
127,0.415937,0.415787,-0.109365,3.830449,8.829388,1.004992,995.670837,car,VEHICLE,ENTER,55.939797,-3.211838,19:38:58,55.939794,-3.211818
128,0.076445,0.076474,-0.104490,3.834746,8.825340,1.006405,995.659912,car,VEHICLE,ENTER,55.939786,-3.211808,19:39:08,55.939768,-3.211800
129,8.332574,8.922369,-0.081021,3.821460,8.829969,1.016428,995.623962,car,VEHICLE,ENTER,55.939779,-3.211832,19:39:18,55.939680,-3.212114
130,16.060438,1.138896,-0.067665,3.807950,8.833753,1.023324,995.477905,car,VEHICLE,ENTER,55.939502,-3.212548,19:39:28,55.939315,-3.212999
131,19.527515,3.763479,-0.062994,3.799213,8.837500,1.019779,995.240845,car,VEHICLE,ENTER,55.939081,-3.213442,19:39:38,55.938794,-3.214036
132,22.402866,0.426598,-0.059590,3.787389,8.841459,1.013567,994.938599,car,VEHICLE,ENTER,55.938492,-3.214694,19:39:48,55.938210,-3.215315
133,19.296589,5.167459,-0.062048,3.791046,8.837144,1.016654,994.826782,car,VEHICLE,ENTER,55.937961,-3.215898,19:39:58,55.937670,-3.216486
134,11.478519,3.471109,-0.047507,3.780964,8.836525,1.025590,994.913208,car,VEHICLE,ENTER,55.937588,-3.216712,19:40:08,55.937553,-3.216981
135,14.433790,1.803199,-0.057574,3.781704,8.834375,1.023999,995.043152,car,VEHICLE,ENTER,55.937734,-3.217388,19:40:18,55.937961,-3.217744
136,10.521898,6.689378,-0.067845,3.779549,8.832545,1.018790,995.297913,car,VEHICLE,ENTER,55.938241,-3.217970,19:40:28,55.938436,-3.218132
137,11.838182,4.089031,-0.089299,3.787077,8.826436,1.011812,995.455261,car,VEHICLE,ENTER,55.938469,-3.218193,19:40:38,55.938724,-3.218346
138,15.898336,0.172218,-0.103990,3.786575,8.824828,1.013627,995.853577,car,VEHICLE,ENTER,55.939014,-3.218563,19:40:48,55.939324,-3.218769
139,13.382036,2.276480,-0.114850,3.787960,8.823583,1.013297,996.250244,car,VEHICLE,ENTER,55.939618,-3.218996,19:40:58,55.939875,-3.219171
140,4.035125,1.449597,-0.134756,3.790012,8.820697,1.018170,996.441956,car,VEHICLE,ENTER,55.940010,-3.219288,19:41:08,55.940032,-3.219368
141,14.278640,2.877518,-0.142450,3.799949,8.812134,1.013317,996.395569,car,VEHICLE,ENTER,55.939958,-3.219703,19:41:18,55.939838,-3.220208
142,21.680256,0.424302,-0.149960,3.806078,8.808764,1.011202,996.465027,car,VEHICLE,ENTER,55.939812,-3.220940,19:41:28,55.939820,-3.221764
143,18.659739,1.867770,-0.133848,3.796571,8.810219,1.021984,996.806091,car,VEHICLE,ENTER,55.939708,-3.222429,19:41:38,55.939419,-3.222904
144,21.657364,3.928372,-0.118154,3.789660,8.810091,1.037832,997.171814,car,VEHICLE,ENTER,55.939169,-3.223231,19:41:48,55.938837,-3.223729
145,25.746662,1.991342,-0.116776,3.795228,8.808334,1.016297,997.365051,car,VEHICLE,ENTER,55.938407,-3.224306,19:41:58,55.937995,-3.224871
146,15.731830,12.391159,-0.117099,3.794733,8.810036,1.016265,997.382874,car,VEHICLE,ENTER,55.937648,-3.225503,19:42:08,55.937430,-3.225980
147,9.218898,8.786385,-0.128917,3.813062,8.798918,1.018403,997.364197,car,VEHICLE,ENTER,55.937389,-3.226076,19:42:18,55.937209,-3.226402
148,22.032866,0.854301,-0.129262,3.817117,8.797808,1.012436,997.286804,car,VEHICLE,ENTER,55.936998,-3.226948,19:42:28,55.936732,-3.227580