56,0.162375,0.074266,-0.297427,4.162960,8.733405,1.005624,995.216431,car,VEHICLE,ENTER,55.939122,-3.179056,19:27:07,55.939122,-3.179057
57,0.031701,0.003629,-0.339994,4.136989,8.743049,1.005536,995.216553,car,VEHICLE,ENTER,55.939122,-3.179058,19:27:17,55.939123,-3.179058
58,0.265072,0.343944,-0.380334,4.112719,8.752092,1.005507,995.219788,car,VEHICLE,ENTER,55.939123,-3.179059,19:27:27,55.939126,-3.179074
59,0.140149,0.181467,-0.423330,4.099604,8.753655,1.007111,995.217712,car,VEHICLE,ENTER,55.939126,-3.179075,19:27:37,55.939123,-3.179084
60,0.651391,0.851711,-0.448076,4.126794,8.738394,1.005596,995.230103,car,VEHICLE,ENTER,55.939131,-3.179113,19:27:47,55.939131,-3.179121
61,0.189864,0.156110,-0.458080,4.132951,8.739048,1.005685,995.216064,car,VEHICLE,ENTER,55.939132,-3.179099,19:27:57,55.939137,-3.179082
62,9.240318,10.242186,-0.472434,4.148706,8.733262,1.015671,995.211487,car,VEHICLE,ENTER,55.939124,-3.179097,19:28:07,55.939098,-3.179473
63,20.683361,1.842794,-0.484438,4.146614,8.735447,1.017170,995.408569,car,VEHICLE,ENTER,55.939073,-3.180235,19:28:17,55.939052,-3.180983
64,18.767117,2.987421,-0.484484,4.148675,8.736506,1.022394,995.694763,car,VEHICLE,ENTER,55.939022,-3.181603,19:28:27,55.939173,-3.182011
65,20.982172,2.402017,-0.483970,4.142371,8.740632,1.025466,995.959778,car,VEHICLE,ENTER,55.939617,-3.182264,19:28:38,55.939975,-3.182623
66,0.731257,0.329363,-0.489689,4.161393,8.731274,1.008233,996.102356,car,VEHICLE,ENTER,55.940138,-3.182709,19:28:48,55.940114,-3.182722
67,2.590211,3.534306,-0.481353,4.180761,8.724940,1.010492,996.081909,car,VEHICLE,ENTER,55.940112,-3.182725,19:28:57,55.940138,-3.182714
68,14.628695,0.695811,-0.480515,4.187501,8.724261,1.014440,996.078918,car,VEHICLE,ENTER,55.940355,-3.182740,19:29:08,55.940682,-3.182806
69,3.646839,4.479893,-0.501580,4.197051,8.719122,1.009640,996.178162,car,VEHICLE,ENTER,55.940919,-3.182872,19:29:18,55.940940,-3.182832
70,0.156678,0.000104,-0.519559,4.219100,8.708306,1.008509,996.154541,car,VEHICLE,ENTER,55.940937,-3.182792,19:29:28,55.940940,-3.182791
71,11.675441,12.238057,-0.528810,4.236320,8.701189,1.016644,996.109741,car,VEHICLE,ENTER,55.941003,-3.182817,19:29:38,55.941431,-3.183353
72,19.774220,0.569217,-0.534238,4.247414,8.695926,1.014946,995.993103,car,VEHICLE,ENTER,55.941771,-3.183755,19:29:48,55.942157,-3.184045
73,15.461849,2.179447,-0.537236,4.252147,8.694477,1.009859,995.895874,car,VEHICLE,ENTER,55.942538,-3.184275,19:29:58,55.942854,-3.184442
74,13.532109,6.827300,-0.536421,4.260772,8.690496,1.017400,995.837952,car,VEHICLE,ENTER,55.943074,-3.184529,19:30:08,55.943330,-3.184680
75,16.957113,2.435269,-0.533432,4.258304,8.691964,1.031333,995.656250,car,VEHICLE,ENTER,55.943702,-3.184914,19:30:18,55.943919,-3.185260
76,7.528743,3.148719,-0.525340,4.255891,8.694930,1.019193,995.411255,car,VEHICLE,ENTER,55.944110,-3.185579,19:30:28,55.944233,-3.185746
77,13.533518,2.658798,-0.504887,4.251840,8.696991,1.022652,995.261108,car,VEHICLE,ENTER,55.944352,-3.185990,19:30:38,55.944636,-3.186312
78,11.710640,2.131448,-0.490359,4.247954,8.699639,1.012786,995.199768,car,VEHICLE,ENTER,55.944866,-3.186437,19:30:48,55.945140,-3.186610
79,2.492146,2.987013,-0.467786,4.235839,8.706770,1.008771,995.175720,car,VEHICLE,ENTER,55.945344,-3.186787,19:30:58,55.945354,-3.186788
80,0.096996,0.081860,-0.442064,4.226643,8.713057,1.005412,995.157898,car,VEHICLE,ENTER,55.945356,-3.186785,19:31:08,55.945357,-3.186784
81,0.011697,0.008325,-0.416521,4.216812,8.719421,1.005404,995.158569,car,VEHICLE,ENTER,55.945357,-3.186783,19:31:18,55.945357,-3.186783
82,0.036721,0.011476,-0.391928,4.206642,8.725868,1.005426,995.166016,car,VEHICLE,ENTER,55.945358,-3.186783,19:31:28,55.945361,-3.186781
83,7.390718,5.202785,-0.369267,4.204903,8.729164,1.015259,995.122437,car,VEHICLE,ENTER,55.945391,-3.186814,19:31:38,55.945519,-3.186929
84,18.856983,0.031137,-0.353493,4.199620,8.732731,1.015348,994.932800,car,VEHICLE,ENTER,55.945811,-3.187158,19:31:48,55.946162,-3.187388
85,19.156162,1.847281,-0.352537,4.189851,8.738571,1.026087,994.593018,car,VEHICLE,ENTER,55.946506,-3.187695,19:31:58,55.946525,-3.188302
86,18.332048,3.115250,-0.340055,4.181006,8.741381,1.021322,994.679504,car,VEHICLE,ENTER,55.946181,-3.188798,19:32:08,55.945875,-3.189197
87,10.717059,1.418524,-0.342953,4.180089,8.740414,1.025863,994.680908,car,VEHICLE,ENTER,55.945671,-3.189509,19:32:18,55.945563,-3.189974
88,5.976745,3.132334,-0.336985,4.159554,8.750216,1.013788,994.663147,car,VEHICLE,ENTER,55.945507,-3.190291,19:32:28,55.945451,-3.190499
89,0.180899,0.000185,-0.328593,4.145812,8.758523,1.011943,994.626404,car,VEHICLE,ENTER,55.945453,-3.190525,19:32:38,55.945452,-3.190530
90,9.103558,0.151302,-0.310971,4.123776,8.768723,1.017322,994.598450,car,VEHICLE,ENTER,55.945398,-3.190800,19:32:48,55.945470,-3.191090
91,9.266884,0.412179,-0.322090,4.124778,8.766898,1.015795,994.607605,car,VEHICLE,ENTER,55.945616,-3.191195,19:32:58,55.945944,-3.191083
92,6.043031,1.172774,-0.340878,4.128101,8.765105,1.011692,994.668335,car,VEHICLE,ENTER,55.946126,-3.191035,19:33:08,55.946271,-3.190986
93,0.763202,0.000649,-0.355689,4.140450,8.759702,1.009667,994.692871,car,VEHICLE,ENTER,55.946311,-3.190957,19:33:18,55.946325,-3.190950
94,12.043999,0.884857,-0.359224,4.152737,8.754550,1.017078,994.645996,car,VEHICLE,ENTER,55.946471,-3.190667,19:33:28,55.946319,-3.190274
95,9.189189,2.797916,-0.370283,4.150817,8.755670,1.012715,994.693909,car,VEHICLE,ENTER,55.946141,-3.189939,19:33:38,55.945999,-3.189715
96,0.333329,0.123195,-0.383783,4.138088,8.760643,1.009235,994.743896,car,VEHICLE,ENTER,55.945948,-3.189666,19:33:48,55.945961,-3.189661
97,9.254445,0.003784,-0.388626,4.134121,8.761820,1.025022,994.689636,car,VEHICLE,ENTER,55.945901,-3.189518,19:33:58,55.945783,-3.189308
98,20.078602,2.070781,-0.384863,4.128979,8.763857,1.014835,994.567139,car,VEHICLE,ENTER,55.945525,-3.190140,19:34:08,55.945420,-3.190862
99,24.834761,1.681442,-0.379216,4.116015,8.769379,1.011897,994.493591,car,VEHICLE,ENTER,55.945304,-3.191630,19:34:18,55.945195,-3.192524
100,6.594625,0.050541,-0.372542,4.102760,8.775256,1.014497,994.606934,car,VEHICLE,ENTER,55.945118,-3.193104,19:34:28,55.945111,-3.193164